$ANSIBLE_VAULT;1.1;AES256
65316661646434323439353864623332376634663238343061346136303134306330656665646436
3838383632343530373237313630623930396663663134380a656565656265666436373965353661
65303937393262393363613734306238623165666332366664343866643239346637316665393662
3039366164353434350a633734383334646537363365643063636262383731366634393464373065
39333561313164633766306335633538396232336339356464626137393335393763333930613866
37353436343738333334383962623339373933633030626663356533303364393831376239613930
63343731643465353138633930613939616638356561633634356438303338626532346334313434
37623332613835663734653835336463356436616365306633356333353136623537626464653838
37663764386530653035303937326465363662636562383665336533323861373531633164613430
61376431366235363135663532643933323936343361376662333634343738323638656437313134
63343439653466326336393439656432323930666634653337306430653937643531663934643333
34353538633139366233346363306332396165326562383437623034333534326632353461313565
64313731383636633561383937316665643130366534626232393330643034613031383236343838
34653463363766363931396365323062626234643662383062313366623236383634396233363366
32646431396531356130363537383830323266353532363762623239656466343135326465303564
34326166663836396261326131386533373430356566616134323764346638623331663137636230
37373962653064363234653061333337393238613131363465626561373364646162383433616262
39373138306566633532623833313032366535643565623634326434306134363337316262363233
39376339646664343135656435343131316163376135306135666664313263333766636233363133
62303961613835373832386532383034326363383733373433363261396439313061323035316261
35346465346438333463653130376634623439343937333632376533343763333966313761623531
34623962313631663565653664376564623561633965633335366463663866373566666134643763
63313037666363643731656463346533356534353061636364663862303065323435663564653335
33363566323639303763613465303738633032613539306234326137393232326137646631313337
64663866363630336339303464343933393930633938383662323536313332656635636238373861
35666637346263623764656565626434363433316361363763306366666333393038663966633934
30613966356434356534373264303336643733613038616630623465323162373663613038383162
65393064323437333838623562353663396266613066643632366164643561303337663961653061
63643864386430653830666465646363663366393731653364623337336239323661313730326666
32356132626464363833643131303234653565313663616237396164333435396265346263373365
35353464333965333363363238366435353633303436323361363762643637346335303334636437
37326538313033313162653333633932386363366433396430306537393638366564646134626536
63666165383162323963653436313062313962313463626262353433363334396438653061666431
31326663386632663961313063323538613063623639313433353237353061653532313965333263
39666461373663336562353034323763643266616466643862636463623533303438306539376234
36363734303338393439316232386335383933663766343164393139643537306331613032333734
38353932393536393233393861613664353666356336626663653630626439663436366362353432
39623563386539633437396463346366346238656138633530396464663863666232643334653233
62313532626665316135313230343238666337333930393936353135333632653830373633616164
30393863376434326237336335353132306632346438306661356661333065396533326339636434
66376365623263633236656461653034646334633961376165346434366266373837326564373039
37383361376632666632386230336366336666353164616335653939666235663763363863333937
63633931333634303964613961663565393261303130636161346331633638626238396163343736
65613462363666623636623231383862363734323763653866646362323462613262356261316366
37333363386331306363643334363335326630333830393165613638636166393466373466366166
62386533353363323732333065353039353537363137616266633439303264663539333634366161
32373531373838373762346463626237346461633638653736313532613166356663313231663639
62313136333864353963343434666465396432313963386434353133333632613532613938623030
37613963373630663632623061613362313332373430306566393338383765366462633234323130
36623762363763366634386634643238623839336261393338653935313633623863343938346136
63626534363730386236633733343134333961303433613730666433353833613930653830393531
33396162383436363236643765303139323433343930363036633961366665353530336235396135
65326534626630396139303466343938313238353338343133356531373432626566653238393366
61313037386432653363343832386333393731333735383137623465323530306437336134623966
64303230353537336339323635346661653635356639623865323465633034306635633132353761
61303938333466653738333330626236373038656439303565373462303465613038333831303333
66303563363533613135336265373835336461666564393064616332653838316662656565666564
62613964316539643537623166323937373465313937613631646630356363383637306331663933
35666165663132306463633835386634636366623632366664363231663466393432333032346331
62396130353538633264343165363239633761363738643136343236343038346430646565333862
35356663393531633232323137633832643664643238393637623364613661316336626566633637
35616130393636393766666637313836326665303338323330663362363338323532336637313563
38623832343733366535363639303236373061613832363564663534663636663036326333376661
33323737613130313834393637363939616661373239363237353132393965383035393437656538
62653930613533336336643939306133653433343139646539333333363265363765386362383630
35376530383935383531626533383335326639666235343334343466396366356261396438303438
38343331383863643366363066353337336434306635373436616264383335313463623832396262
39653935376338376364613364396366336562333138366563633130346434366532313037313732
61343166343361386332383664316364636238613132656138623932613465643264633162333763
64363735396538363162313339376533383931313435326231363634653836343633356335353666
62306532396132373839316539333666363039333933663264396630373331323265666133663263
61353966616362393333623533343363396264626139633535383063323233326465393936646431
64353534643464623437373131333862383030363264393163393762313562643962396136353663
65613539353631613030306530306630376139346434323535373861373663643464343231356162
32613538313335303162373962353430386238306635363366326163353535643366616262643133
61666239386232626662396238626532303539663531313662333236346632303631646563323836
65323330346434373330616532333565336332353434643138383137326666666130336363666230
30346361373964633833653563396431323734646534316232613831343863646464316561346635
36363663326637306231313861303166366632666339663830316232326630623232386232373565
66393431316630356336396466626664353533646465323661613738613539633333633837616666
34356230613062336563366438343162646131326266323066663163653836363365326330653731
30356134366462333939633439316436353861376237666665366133656265313566663562393535
65343863363662613831363735656561373538613966336165393036343637363137396436336564
65666334356337616461333938333630373133356564396366626538663064626361653736383562
32353463303232333139653034623864336161636261396265366533373432353632363661646562
31633436343462646663333735303438653066366631653964623761636237366463396439363864
36306230613239343031623366373932393461366532643636623634363936656338376431663965
37326239316265393939
